7
9

0 14 8 11 8 9 19 4 16 
14 0 20 4 14 10 14 2 16 
8 20 0 14 2 15 3 3 10 
11 4 14 0 13 18 9 15 12 
8 14 2 13 0 14 2 18 15 
9 10 15 18 14 0 3 14 8 
19 14 3 9 2 3 0 9 8 
4 2 3 15 18 14 9 0 9 
16 16 10 12 15 8 8 9 0 

5 2 1 6 
3 5 6 4 0 2 7 
1 3 6 8 2 4 7 5 
3 2 5 6 
0 1 7 5 8 
3 0 4 5 1 7 
2 4 0 7 3 6 8 1 
